 _/_/_/       _/_/     _/    _/    _/_/_/   _/_/_/_/    _/_/_/  
 _/    _/    _/  _/    _/_/_/_/   _/    _/  _/         _/    _/ 
 _/    _/   _/    _/   _/ _/ _/   _/        _/         _/       
 _/_/_/     _/_/_/_/   _/    _/     _/_/    _/_/_/       _/_/   
 _/    _/   _/    _/   _/    _/         _/  _/               _/ 
 _/    _/   _/    _/   _/    _/   _/    _/  _/         _/    _/ 
 _/    _/   _/    _/   _/    _/    _/_/_/   _/_/_/_/    _/_/_/  
                         Version 3.0                            
        written by Romain Teyssier (University of Zurich)       
                (c) CEA 1999-2007, UZH 2008-2014                
  
 Working with nproc =    1 for ndim = 1
 Using solver = hydro with nvar =  5
  
 compile date = Tue Mar 10 00:19:40 PDT 2015
 patch dir    = 
 remote repo  = https://bitbucket.org/rteyssie/ramses.git
 local branch = master
 last commit  = 01300149 -undo the changes that I accidently pushed to the wrong remote reposito
  
 Building initial AMR grid
 Initial mesh structure
 Level  1 has          1 grids (       1,       1,       1,)
 Level  2 has          2 grids (       2,       2,       2,)
 Level  3 has          4 grids (       4,       4,       4,)
 Level  4 has          8 grids (       8,       8,       8,)
 Level  5 has         16 grids (      16,      16,      16,)
 Level  6 has         22 grids (      22,      22,      22,)
 Level  7 has         34 grids (      34,      34,      34,)
 Starting time integration
 Output    88 cells
 ================================================
 lev      x           d          u          P        rho       f
  5  1.56250E-02  1.000E+00  0.000E+00  1.000E+00  3.300E+01  0.000E+00
  5  4.68750E-02  1.000E+00  0.000E+00  1.000E+00  1.000E+00  0.000E+00
  5  7.81250E-02  1.000E+00  0.000E+00  1.000E+00  1.000E+00  0.000E+00
  5  1.09375E-01  1.000E+00  0.000E+00  1.000E+00  1.000E+00  0.000E+00
  5  1.40625E-01  1.000E+00  0.000E+00  1.000E+00  1.000E+00  0.000E+00
  6  1.64062E-01  1.000E+00  0.000E+00  1.000E+00  1.000E+00  0.000E+00
  6  1.79688E-01  1.000E+00  0.000E+00  1.000E+00  1.000E+00  0.000E+00
  6  1.95312E-01  1.000E+00  0.000E+00  1.000E+00  1.000E+00  0.000E+00
  6  2.10938E-01  1.000E+00  0.000E+00  1.000E+00  1.000E+00  0.000E+00
  6  2.26562E-01  1.000E+00  0.000E+00  1.000E+00  1.000E+00  0.000E+00
  7  2.38281E-01  1.000E+00  0.000E+00  1.000E+00  1.000E+00  0.000E+00
  7  2.46094E-01  1.000E+00  0.000E+00  1.000E+00  1.000E+00  0.000E+00
  7  2.53906E-01  1.000E+00  0.000E+00  1.000E+00  1.000E+00  0.000E+00
  7  2.61719E-01  1.000E+00  0.000E+00  1.000E+00  1.000E+00  0.000E+00
  7  2.69531E-01  1.000E+00  0.000E+00  1.000E+00  1.000E+00  0.000E+00
  7  2.77344E-01  1.000E+00  0.000E+00  1.000E+00  1.000E+00  0.000E+00
  7  2.85156E-01  1.000E+00  0.000E+00  1.000E+00  1.000E+00  0.000E+00
  7  2.92969E-01  1.000E+00  0.000E+00  1.000E+00  1.000E+00  0.000E+00
  7  3.00781E-01  1.000E+00  0.000E+00  1.000E+00  1.000E+00  0.000E+00
  7  3.08594E-01  1.000E+00  0.000E+00  1.000E+00  1.000E+00  0.000E+00
  7  3.16406E-01  1.000E+00  0.000E+00  1.000E+00  1.000E+00  0.000E+00
  7  3.24219E-01  1.000E+00  0.000E+00  1.000E+00  1.000E+00  0.000E+00
  7  3.32031E-01  1.000E+00  0.000E+00  1.000E+00  1.000E+00  0.000E+00
  7  3.39844E-01  1.000E+00  0.000E+00  1.000E+00  1.000E+00  0.000E+00
  7  3.47656E-01  1.000E+00  0.000E+00  1.000E+00  1.000E+00  0.000E+00
  7  3.55469E-01  1.000E+00  0.000E+00  1.000E+00  1.000E+00  0.000E+00
  7  3.63281E-01  1.000E+00  0.000E+00  1.000E+00  1.000E+00  0.000E+00
  7  3.71094E-01  1.000E+00  0.000E+00  1.000E+00  1.000E+00  0.000E+00
  7  3.78906E-01  1.000E+00  0.000E+00  1.000E+00  1.000E+00  0.000E+00
  7  3.86719E-01  1.000E+00  0.000E+00  1.000E+00  1.000E+00  0.000E+00
  7  3.94531E-01  1.000E+00  0.000E+00  1.000E+00  1.000E+00  0.000E+00
  7  4.02344E-01  1.000E+00  0.000E+00  1.000E+00  1.000E+00  0.000E+00
  7  4.10156E-01  1.000E+00  0.000E+00  1.000E+00  1.000E+00  0.000E+00
  7  4.17969E-01  1.000E+00  0.000E+00  1.000E+00  1.000E+00  0.000E+00
  7  4.25781E-01  1.000E+00  0.000E+00  1.000E+00  1.000E+00  0.000E+00
  7  4.33594E-01  1.000E+00  0.000E+00  1.000E+00  1.000E+00  0.000E+00
  7  4.41406E-01  1.000E+00  0.000E+00  1.000E+00  1.000E+00  0.000E+00
  7  4.49219E-01  1.000E+00  0.000E+00  1.000E+00  1.000E+00  0.000E+00
  7  4.57031E-01  1.000E+00  0.000E+00  1.000E+00  1.000E+00  0.000E+00
  7  4.64844E-01  1.000E+00  0.000E+00  1.000E+00  1.000E+00  0.000E+00
  7  4.72656E-01  1.000E+00  0.000E+00  1.000E+00  1.000E+00  0.000E+00
  7  4.80469E-01  1.000E+00  0.000E+00  1.000E+00  1.000E+00  0.000E+00
  7  4.88281E-01  1.000E+00  0.000E+00  1.000E+00  1.000E+00  0.000E+00
  7  4.96094E-01  6.500E+01  0.000E+00  1.000E+00  6.500E+01  0.000E+00
  7  5.03906E-01  6.500E+01  0.000E+00  1.000E+00  6.500E+01  0.000E+00
  7  5.11719E-01  1.000E+00  0.000E+00  1.000E+00  1.000E+00  0.000E+00
  7  5.19531E-01  1.000E+00  0.000E+00  1.000E+00  1.000E+00  0.000E+00
  7  5.27344E-01  1.000E+00  0.000E+00  1.000E+00  1.000E+00  0.000E+00
  7  5.35156E-01  1.000E+00  0.000E+00  1.000E+00  1.000E+00  0.000E+00
  7  5.42969E-01  1.000E+00  0.000E+00  1.000E+00  1.000E+00  0.000E+00
  7  5.50781E-01  1.000E+00  0.000E+00  1.000E+00  1.000E+00  0.000E+00
  7  5.58594E-01  1.000E+00  0.000E+00  1.000E+00  1.000E+00  0.000E+00
  7  5.66406E-01  1.000E+00  0.000E+00  1.000E+00  1.000E+00  0.000E+00
  7  5.74219E-01  1.000E+00  0.000E+00  1.000E+00  1.000E+00  0.000E+00
  7  5.82031E-01  1.000E+00  0.000E+00  1.000E+00  1.000E+00  0.000E+00
  7  5.89844E-01  1.000E+00  0.000E+00  1.000E+00  1.000E+00  0.000E+00
  7  5.97656E-01  1.000E+00  0.000E+00  1.000E+00  1.000E+00  0.000E+00
  7  6.05469E-01  1.000E+00  0.000E+00  1.000E+00  1.000E+00  0.000E+00
  7  6.13281E-01  1.000E+00  0.000E+00  1.000E+00  1.000E+00  0.000E+00
  7  6.21094E-01  1.000E+00  0.000E+00  1.000E+00  1.000E+00  0.000E+00
  7  6.28906E-01  1.000E+00  0.000E+00  1.000E+00  1.000E+00  0.000E+00
  7  6.36719E-01  1.000E+00  0.000E+00  1.000E+00  1.000E+00  0.000E+00
  7  6.44531E-01  1.000E+00  0.000E+00  1.000E+00  1.000E+00  0.000E+00
  7  6.52344E-01  1.000E+00  0.000E+00  1.000E+00  1.000E+00  0.000E+00
  7  6.60156E-01  1.000E+00  0.000E+00  1.000E+00  1.000E+00  0.000E+00
  7  6.67969E-01  1.000E+00  0.000E+00  1.000E+00  1.000E+00  0.000E+00
  7  6.75781E-01  1.000E+00  0.000E+00  1.000E+00  1.000E+00  0.000E+00
  7  6.83594E-01  1.000E+00  0.000E+00  1.000E+00  1.000E+00  0.000E+00
  7  6.91406E-01  1.000E+00  0.000E+00  1.000E+00  1.000E+00  0.000E+00
  7  6.99219E-01  1.000E+00  0.000E+00  1.000E+00  1.000E+00  0.000E+00
  7  7.07031E-01  1.000E+00  0.000E+00  1.000E+00  1.000E+00  0.000E+00
  7  7.14844E-01  1.000E+00  0.000E+00  1.000E+00  1.000E+00  0.000E+00
  7  7.22656E-01  1.000E+00  0.000E+00  1.000E+00  1.000E+00  0.000E+00
  7  7.30469E-01  1.000E+00  0.000E+00  1.000E+00  1.000E+00  0.000E+00
  7  7.38281E-01  1.000E+00  0.000E+00  1.000E+00  1.000E+00  0.000E+00
  7  7.46094E-01  1.000E+00  0.000E+00  1.000E+00  1.000E+00  0.000E+00
  7  7.53906E-01  1.000E+00  0.000E+00  1.000E+00  1.000E+00  0.000E+00
  7  7.61719E-01  1.000E+00  0.000E+00  1.000E+00  1.000E+00  0.000E+00
  6  7.73438E-01  1.000E+00  0.000E+00  1.000E+00  1.000E+00  0.000E+00
  6  7.89062E-01  1.000E+00  0.000E+00  1.000E+00  1.000E+00  0.000E+00
  6  8.04688E-01  1.000E+00  0.000E+00  1.000E+00  1.000E+00  0.000E+00
  6  8.20312E-01  1.000E+00  0.000E+00  1.000E+00  1.000E+00  0.000E+00
  6  8.35938E-01  1.000E+00  0.000E+00  1.000E+00  1.000E+00  0.000E+00
  5  8.59375E-01  1.000E+00  0.000E+00  1.000E+00  1.000E+00  0.000E+00
  5  8.90625E-01  1.000E+00  0.000E+00  1.000E+00  1.000E+00  0.000E+00
  5  9.21875E-01  1.000E+00  0.000E+00  1.000E+00  1.000E+00  0.000E+00
  5  9.53125E-01  1.000E+00  0.000E+00  1.000E+00  1.000E+00  0.000E+00
  5  9.84375E-01  1.000E+00  0.000E+00  1.000E+00  1.000E+00  0.000E+00
 ================================================
   ==> Level=    4 Step=    5 Error= 4.768E-05
   ==> Level=    5 Step=    5 Error= 4.616E-05
   ==> Level=    6 Step=    5 Error= 4.215E-05
   ==> Level=    7 Step=    5 Error= 4.574E-05
 Fine step=     0 t= 0.00000E+00 dt= 3.269E-03 a= 1.000E+00 mem= 0.0% 
   ==> Level=    7 Step=    5 Error= 4.607E-05
 Fine step=     1 t= 3.26945E-03 dt= 3.220E-03 a= 1.000E+00 mem= 0.0% 
   ==> Level=    6 Step=    5 Error= 4.258E-05
   ==> Level=    7 Step=    5 Error= 4.765E-05
 Fine step=     2 t= 6.48908E-03 dt= 3.172E-03 a= 1.000E+00 mem= 0.0% 
   ==> Level=    7 Step=    5 Error= 4.933E-05
 Fine step=     3 t= 9.66139E-03 dt= 3.128E-03 a= 1.000E+00 mem= 0.0% 
   ==> Level=    5 Step=    5 Error= 4.797E-05
   ==> Level=    6 Step=    5 Error= 4.216E-05
   ==> Level=    7 Step=    5 Error= 4.825E-05
 Fine step=     4 t= 1.27894E-02 dt= 3.087E-03 a= 1.000E+00 mem= 0.0% 
   ==> Level=    7 Step=    5 Error= 4.968E-05
 Fine step=     5 t= 1.58765E-02 dt= 3.049E-03 a= 1.000E+00 mem= 0.0% 
   ==> Level=    6 Step=    5 Error= 4.337E-05
   ==> Level=    7 Step=    5 Error= 4.884E-05
 Fine step=     6 t= 1.89255E-02 dt= 3.010E-03 a= 1.000E+00 mem= 0.0% 
   ==> Level=    7 Step=    5 Error= 5.024E-05
 Fine step=     7 t= 2.19353E-02 dt= 2.973E-03 a= 1.000E+00 mem= 0.0% 
 Output    88 cells
 ================================================
 lev      x           d          u          P        rho       f
  5  1.56250E-02  9.961E-01  4.882E-03  9.946E-01  9.990E-01  1.965E-01
  5  4.68750E-02  9.961E-01  1.465E-02  9.946E-01  9.990E-01  5.896E-01
  5  7.81250E-02  9.961E-01  2.441E-02  9.946E-01  9.990E-01  9.827E-01
  5  1.09375E-01  9.960E-01  3.436E-02  9.943E-01  9.990E-01  1.376E+00
  5  1.40625E-01  9.983E-01  4.620E-02  9.976E-01  1.000E+00  1.769E+00
  6  1.64062E-01  9.941E-01  4.846E-02  9.917E-01  9.970E-01  2.066E+00
  6  1.79688E-01  9.949E-01  5.465E-02  9.928E-01  9.963E-01  2.263E+00
  6  1.95312E-01  9.953E-01  6.032E-02  9.934E-01  9.977E-01  2.460E+00
  6  2.10938E-01  9.959E-01  6.617E-02  9.943E-01  9.976E-01  2.657E+00
  6  2.26562E-01  9.984E-01  7.299E-02  9.977E-01  9.998E-01  2.853E+00
  7  2.38281E-01  9.955E-01  7.334E-02  9.937E-01  9.973E-01  3.003E+00
  7  2.46094E-01  9.956E-01  7.604E-02  9.938E-01  9.959E-01  3.102E+00
  7  2.53906E-01  9.950E-01  7.795E-02  9.929E-01  9.960E-01  3.200E+00
  7  2.61719E-01  9.952E-01  8.070E-02  9.932E-01  9.962E-01  3.299E+00
  7  2.69531E-01  9.956E-01  8.367E-02  9.939E-01  9.968E-01  3.397E+00
  7  2.77344E-01  9.960E-01  8.658E-02  9.944E-01  9.970E-01  3.496E+00
  7  2.85156E-01  9.961E-01  8.912E-02  9.945E-01  9.970E-01  3.594E+00
  7  2.92969E-01  9.961E-01  9.158E-02  9.946E-01  9.970E-01  3.693E+00
  7  3.00781E-01  9.961E-01  9.402E-02  9.946E-01  9.970E-01  3.791E+00
  7  3.08594E-01  9.961E-01  9.646E-02  9.946E-01  9.970E-01  3.890E+00
  7  3.16406E-01  9.961E-01  9.890E-02  9.946E-01  9.970E-01  3.988E+00
  7  3.24219E-01  9.961E-01  1.013E-01  9.946E-01  9.970E-01  4.087E+00
  7  3.32031E-01  9.961E-01  1.038E-01  9.946E-01  9.970E-01  4.185E+00
  7  3.39844E-01  9.961E-01  1.062E-01  9.946E-01  9.970E-01  4.283E+00
  7  3.47656E-01  9.961E-01  1.087E-01  9.946E-01  9.970E-01  4.382E+00
  7  3.55469E-01  9.961E-01  1.111E-01  9.946E-01  9.970E-01  4.480E+00
  7  3.63281E-01  9.961E-01  1.136E-01  9.946E-01  9.970E-01  4.579E+00
  7  3.71094E-01  9.961E-01  1.160E-01  9.946E-01  9.970E-01  4.677E+00
  7  3.78906E-01  9.961E-01  1.184E-01  9.946E-01  9.970E-01  4.776E+00
  7  3.86719E-01  9.961E-01  1.209E-01  9.946E-01  9.970E-01  4.874E+00
  7  3.94531E-01  9.961E-01  1.233E-01  9.946E-01  9.970E-01  4.973E+00
  7  4.02344E-01  9.961E-01  1.258E-01  9.946E-01  9.970E-01  5.071E+00
  7  4.10156E-01  9.961E-01  1.282E-01  9.946E-01  9.970E-01  5.170E+00
  7  4.17969E-01  9.961E-01  1.307E-01  9.946E-01  9.970E-01  5.268E+00
  7  4.25781E-01  9.961E-01  1.331E-01  9.946E-01  9.970E-01  5.367E+00
  7  4.33594E-01  9.961E-01  1.356E-01  9.945E-01  9.970E-01  5.465E+00
  7  4.41406E-01  9.962E-01  1.381E-01  9.944E-01  9.970E-01  5.564E+00
  7  4.49219E-01  9.982E-01  1.407E-01  9.943E-01  9.979E-01  5.662E+00
  7  4.57031E-01  1.019E+00  1.427E-01  9.950E-01  1.012E+00  5.761E+00
  7  4.64844E-01  1.148E+00  1.433E-01  9.972E-01  1.119E+00  5.857E+00
  7  4.72656E-01  1.773E+00  1.417E-01  1.003E+00  1.696E+00  5.936E+00
  7  4.80469E-01  4.541E+00  1.348E-01  1.019E+00  4.388E+00  5.935E+00
  7  4.88281E-01  1.740E+01  1.129E-01  1.082E+00  1.731E+01  5.268E+00
  7  4.96094E-01  4.434E+01  5.283E-02  1.235E+00  4.465E+01  2.317E+00
  7  5.03906E-01  4.434E+01 -5.283E-02  1.235E+00  4.465E+01 -2.317E+00
  7  5.11719E-01  1.740E+01 -1.129E-01  1.082E+00  1.731E+01 -5.268E+00
  7  5.19531E-01  4.541E+00 -1.348E-01  1.019E+00  4.388E+00 -5.935E+00
  7  5.27344E-01  1.773E+00 -1.417E-01  1.003E+00  1.696E+00 -5.936E+00
  7  5.35156E-01  1.148E+00 -1.433E-01  9.972E-01  1.119E+00 -5.857E+00
  7  5.42969E-01  1.019E+00 -1.427E-01  9.950E-01  1.012E+00 -5.761E+00
  7  5.50781E-01  9.982E-01 -1.406E-01  9.943E-01  9.979E-01 -5.662E+00
  7  5.58594E-01  9.962E-01 -1.381E-01  9.944E-01  9.970E-01 -5.564E+00
  7  5.66406E-01  9.961E-01 -1.356E-01  9.945E-01  9.970E-01 -5.465E+00
  7  5.74219E-01  9.961E-01 -1.331E-01  9.946E-01  9.970E-01 -5.367E+00
  7  5.82031E-01  9.961E-01 -1.307E-01  9.946E-01  9.970E-01 -5.268E+00
  7  5.89844E-01  9.961E-01 -1.282E-01  9.946E-01  9.970E-01 -5.170E+00
  7  5.97656E-01  9.961E-01 -1.258E-01  9.946E-01  9.970E-01 -5.071E+00
  7  6.05469E-01  9.961E-01 -1.233E-01  9.946E-01  9.970E-01 -4.973E+00
  7  6.13281E-01  9.961E-01 -1.209E-01  9.946E-01  9.970E-01 -4.874E+00
  7  6.21094E-01  9.961E-01 -1.184E-01  9.946E-01  9.970E-01 -4.776E+00
  7  6.28906E-01  9.961E-01 -1.160E-01  9.946E-01  9.970E-01 -4.677E+00
  7  6.36719E-01  9.961E-01 -1.136E-01  9.946E-01  9.970E-01 -4.579E+00
  7  6.44531E-01  9.961E-01 -1.111E-01  9.946E-01  9.970E-01 -4.480E+00
  7  6.52344E-01  9.961E-01 -1.087E-01  9.946E-01  9.970E-01 -4.382E+00
  7  6.60156E-01  9.961E-01 -1.062E-01  9.946E-01  9.970E-01 -4.283E+00
  7  6.67969E-01  9.961E-01 -1.038E-01  9.946E-01  9.970E-01 -4.185E+00
  7  6.75781E-01  9.961E-01 -1.013E-01  9.946E-01  9.970E-01 -4.087E+00
  7  6.83594E-01  9.961E-01 -9.890E-02  9.946E-01  9.970E-01 -3.988E+00
  7  6.91406E-01  9.961E-01 -9.646E-02  9.946E-01  9.970E-01 -3.890E+00
  7  6.99219E-01  9.961E-01 -9.402E-02  9.946E-01  9.970E-01 -3.791E+00
  7  7.07031E-01  9.961E-01 -9.158E-02  9.946E-01  9.970E-01 -3.693E+00
  7  7.14844E-01  9.961E-01 -8.912E-02  9.945E-01  9.970E-01 -3.594E+00
  7  7.22656E-01  9.960E-01 -8.658E-02  9.944E-01  9.970E-01 -3.496E+00
  7  7.30469E-01  9.956E-01 -8.367E-02  9.939E-01  9.968E-01 -3.397E+00
  7  7.38281E-01  9.952E-01 -8.070E-02  9.932E-01  9.962E-01 -3.299E+00
  7  7.46094E-01  9.950E-01 -7.795E-02  9.929E-01  9.960E-01 -3.200E+00
  7  7.53906E-01  9.956E-01 -7.604E-02  9.938E-01  9.959E-01 -3.102E+00
  7  7.61719E-01  9.955E-01 -7.334E-02  9.937E-01  9.973E-01 -3.003E+00
  6  7.73438E-01  9.984E-01 -7.299E-02  9.977E-01  9.998E-01 -2.853E+00
  6  7.89062E-01  9.959E-01 -6.617E-02  9.943E-01  9.976E-01 -2.657E+00
  6  8.04688E-01  9.953E-01 -6.032E-02  9.934E-01  9.977E-01 -2.460E+00
  6  8.20312E-01  9.949E-01 -5.465E-02  9.928E-01  9.963E-01 -2.263E+00
  6  8.35938E-01  9.941E-01 -4.846E-02  9.917E-01  9.970E-01 -2.066E+00
  5  8.59375E-01  9.983E-01 -4.620E-02  9.976E-01  1.000E+00 -1.769E+00
  5  8.90625E-01  9.960E-01 -3.436E-02  9.943E-01  9.990E-01 -1.376E+00
  5  9.21875E-01  9.961E-01 -2.441E-02  9.946E-01  9.990E-01 -9.828E-01
  5  9.53125E-01  9.961E-01 -1.465E-02  9.946E-01  9.990E-01 -5.897E-01
  5  9.84375E-01  9.961E-01 -4.883E-03  9.946E-01  9.990E-01 -1.966E-01
 ================================================
   ==> Level=    4 Step=    5 Error= 4.768E-05
   ==> Level=    5 Step=    5 Error= 4.616E-05
   ==> Level=    6 Step=    5 Error= 4.223E-05
   ==> Level=    7 Step=    5 Error= 4.924E-05
 Mesh structure
 Level  1 has          1 grids (       1,       1,       1,)
 Level  2 has          2 grids (       2,       2,       2,)
 Level  3 has          4 grids (       4,       4,       4,)
 Level  4 has          8 grids (       8,       8,       8,)
 Level  5 has         16 grids (      16,      16,      16,)
 Level  6 has         22 grids (      22,      22,      22,)
 Level  7 has         34 grids (      34,      34,      34,)
 Main step=     1 mcons= 0.00E+00 econs= 0.00E+00 epot=-4.99E-01 ekin= 2.51E+00
 Fine step=     8 t= 2.49078E-02 dt= 2.937E-03 a= 1.000E+00 mem= 0.0% 
 Run completed
