1.000000000000000000e+00
9.999833126487055468e-01
9.999333127406428989e-01
9.998499903955910817e-01
9.997333592769813704e-01
9.995834381589153717e-01
9.994002506416782561e-01
9.991838258826601926e-01
9.989341986905847515e-01
9.986514090611731120e-01
9.983355020061237539e-01
9.979865278320110278e-01
9.976045422885012615e-01
9.971896062576822706e-01
9.967417856630715889e-01
9.962611517009745121e-01
9.957477808583327095e-01
9.952017545959813694e-01
9.946231593354588618e-01
9.940120867193594778e-01
9.933686334797949824e-01
9.926929011992245977e-01
9.919849964477810422e-01
9.912450307535145555e-01
9.904731207252006620e-01
9.896693870456657605e-01
9.888339562458630105e-01
9.879669592062682026e-01
9.870685316125071829e-01
9.861388129308567008e-01
9.851779480371534170e-01
9.841860860308608849e-01
9.831633819090116466e-01
9.821099927114821382e-01
9.810260796110916726e-01
9.799118097595086452e-01
9.787673548746227414e-01
9.775928913906269946e-01
9.763885972299460869e-01
9.751546579204403153e-01
9.738912617896514634e-01
9.725985991563725896e-01
9.712768667393096855e-01
9.699262642861654626e-01
9.685469945830281757e-01
9.671392643443577075e-01
9.657032840229563542e-01
9.642392676416129405e-01
9.627474328117432423e-01
9.612280007173555907e-01
9.596811958909151619e-01
9.581072462280805224e-01
9.565063829006759111e-01
9.548788397743361855e-01
9.532248538924561476e-01
9.515446654670138837e-01
9.498385176913098915e-01
9.481066565252985745e-01
9.463493303525967182e-01
9.445667905157280053e-01
9.427592910413885585e-01
9.409270887843811382e-01
9.390704418733855086e-01
9.371896119316903695e-01
9.352848625004017702e-01
9.333564594432608441e-01
9.314046707358242250e-01
9.294297659104977516e-01
9.274320168510676865e-01
9.254116974294924747e-01
9.233690833618614091e-01
9.213044521241970930e-01
9.192180828684812788e-01
9.171102563389369466e-01
9.149812546620124110e-01
9.128313611638581015e-01
9.106608606557091701e-01
9.084700391785240914e-01
9.062591839125218041e-01
9.040285830933183497e-01
9.017785259285838739e-01
8.995093025157563371e-01
8.972212042040705882e-01
8.949145232716672060e-01
8.925895524314381158e-01
8.902465850375118617e-01
8.878859150103971531e-01
8.855078367627123859e-01
8.831126451255252308e-01
8.807006352769716218e-01
8.782721027046352935e-01
8.758273430938459114e-01
8.733666522542239408e-01
8.708903260602751661e-01
8.683986603821154393e-01
8.658919510169375000e-01
8.633704936212355241e-01
8.608345836432190756e-01
8.582845162533702110e-01
8.557205862842899302e-01
8.531430881647601439e-01
8.505523158554602059e-01
8.479485627860522401e-01
8.453321217931321074e-01
8.427032850590587820e-01
8.400623440520783580e-01
8.374095894675637197e-01
8.347453111679499216e-01
8.320697981258636799e-01
8.293833383675720539e-01
8.266862189173243003e-01
8.239787257426431921e-01
8.212611437005760129e-01
8.185337565243807623e-01
8.157968467607609186e-01
8.130506956595862089e-01
8.102955831603738668e-01
8.075317878437743291e-01
8.047595868839710898e-01
8.019792560020692074e-01
7.991910694204795718e-01
7.963952998182981524e-01
7.935922183215309289e-01
7.907820945307778571e-01
7.879651963099416623e-01
7.851417898134317452e-01
7.823121394545992091e-01
7.794765078676090253e-01
7.766351558703034064e-01
7.737883424280510569e-01
7.709363246185840790e-01
7.680793576110216403e-01
7.652176947677379326e-01
7.623515874139343840e-01
7.594812848362813007e-01
7.566070342856466846e-01
7.537290809484050724e-01
7.508476679186912861e-01
7.479630361715978726e-01
7.450754245373076845e-01
7.421850696769000111e-01
7.392922061945820245e-01
7.363970665050290076e-01
7.334998807202859350e-01
7.306008767067211362e-01
7.277002800653568082e-01
7.247983141130692752e-01
7.218951998646546686e-01
7.189911560157499215e-01
7.160863989266035290e-01
7.131811426836456302e-01
7.102755991437884608e-01
7.073699776802494510e-01
7.044644852850114880e-01
7.015593265620606589e-01
6.986547037167856189e-01
6.957508165461432359e-01
6.928478624295781874e-01
6.899460363206910696e-01
6.870455307706428982e-01
6.841465360792881034e-01
6.812492400097984735e-01
6.783538278623817419e-01
6.754604824970301680e-01
6.725693843301954189e-01
6.696807113321152638e-01
6.667946390247814215e-01
6.639113404805382368e-01
6.610309863280487974e-01
6.581537449625290970e-01
6.552797822898516200e-01
6.524092616956943536e-01
6.495423441315663071e-01
6.466791881174538403e-01
6.438199497450075581e-01
6.409647826812602256e-01
6.381138381728641562e-01
6.352672650508384145e-01
6.324252097358167291e-01
6.295878162437833492e-01
6.267552264393202455e-01
6.239275799490289209e-01
6.211050137984731601e-01
6.182876626577288315e-01
6.154756588506818948e-01
6.126691323642411424e-01
6.098682108579358552e-01
6.070730196738917117e-01
6.042836818471721827e-01
6.015003181164785273e-01
5.987230469351970674e-01
5.959519845921288361e-01
5.931872453897976127e-01
5.904289411646200803e-01
5.876771815153414291e-01
5.849320738345994419e-01
5.821937233225010777e-01
5.794622330004528532e-01
5.767377037252400251e-01
5.740202342033434713e-01
5.713099210054887189e-01
5.686068585814152421e-01
5.659111393136675439e-01
5.632228537941929014e-01
5.605420903887292639e-01
5.578689353643032645e-01
5.552034729609610642e-01
5.525457854082808096e-01
5.498959529420220926e-01
5.472540538209139660e-01
5.446201643435673034e-01
5.419943588655097289e-01
5.393767098163325668e-01
5.367672877226838946e-01
5.341661614540552661e-01
5.315733979746694038e-01
5.289890623079730458e-01
5.264132176531588492e-01
5.238459254033470680e-01
5.212872451638188576e-01
5.187372347702877695e-01
5.161959503072086619e-01
5.136634461261158080e-01
5.111397748639872063e-01
5.086249874616272093e-01
5.061191334263582808e-01
5.036222603086132343e-01
5.011344143620928282e-01
4.986556400325988236e-01
4.961859801767646294e-01
4.937254760802752829e-01
4.912741674761387234e-01
4.888320925629993097e-01
4.863992880234888072e-01
4.839757890426086284e-01
4.815616293261354985e-01
4.791568411768366009e-01
4.767614556143311977e-01
4.743755021074689826e-01
4.719990087172942217e-01
4.696320021284556834e-01
4.672745076682499055e-01
4.649265493256553583e-01
4.625881497703495659e-01
4.602593303717070206e-01
4.579401112177684530e-01
4.556305111341795722e-01
4.533305477030916131e-01
4.510402372820210282e-01
4.487595950226604402e-01
4.464886348971432994e-01
4.442273697555900736e-01
4.419758112711799636e-01
4.397339699809204028e-01
4.375018553118295017e-01
4.352794755995232912e-01
4.330668381067269146e-01
4.308639490417050522e-01
4.286708135766094108e-01
4.264874358657372855e-01
4.243138190636985274e-01
4.221499653434890309e-01
4.199958759144634124e-01
4.178515510402084909e-01
4.157169900392095885e-01
4.135921910408049129e-01
4.114771513821001703e-01
4.093718675928196271e-01
4.072763353288977872e-01
4.051905493887600906e-01
4.031145037294728839e-01
4.010481914827637717e-01
3.989916049709087975e-01
3.969447357224868966e-01
3.949075744879992911e-01
3.928801112553533814e-01
3.908623352652089711e-01
3.888542350261876557e-01
3.868557983290223379e-01
3.848670121741604722e-01
3.828878628759966318e-01
3.809183361187127859e-01
3.789584169226949961e-01
3.770080896585606411e-01
3.750673380610398677e-01
3.731361452427089387e-01
3.712144937075791962e-01
3.693023653645376991e-01
3.673997415406423106e-01
3.655066029942687367e-01
3.636229299281128480e-01
3.617487020020444533e-01
3.598838983458168550e-01
3.580284975437069694e-01
3.561824776552290905e-01
3.543458162746440654e-01
3.525184905131034663e-01
3.507004770103418489e-01
3.488917519463618500e-01
3.470922910529728456e-01
3.453020696251848931e-01
3.435210625324583988e-01
3.417492442298101785e-01
3.399865887687755217e-01
3.382330698082287035e-01
3.364886606250610535e-01
3.347533341247185268e-01
3.330270628392377197e-01
3.313098189252024484e-01
3.296015742206540033e-01
3.279023002325119340e-01
3.262119681450038056e-01
3.245305488292653529e-01
3.228580128528069637e-01
3.211943304888427164e-01
3.195394717254860795e-01
3.178934062748111078e-01
3.162561035817835209e-01
3.146275328330572219e-01
3.130076629656433074e-01
3.113964626754479048e-01
3.097939004252716622e-01
3.081999444192508042e-01
3.066145626751241582e-01
3.050377229971322213e-01
3.034693929880656338e-01
3.019095400569650200e-01
3.003581314267015356e-01
2.988151341414373996e-01
2.972805150739700752e-01
2.957542409329584898e-01
2.942362782700340129e-01
2.927265934867949726e-01
2.912251528416883728e-01
2.897319224567772578e-01
2.882468683225671846e-01
2.867699562870004160e-01
2.853011520908301235e-01
2.838404213681916533e-01
2.823877296480604704e-01
2.809430423602959914e-01
2.795063248415750046e-01
2.780775423412186198e-01
2.766566600269120824e-01
2.752436429903192816e-01
2.738384562525916777e-01
2.724410647697751431e-01
2.710514334381125545e-01
2.696695270992460758e-01
2.682953105453180220e-01
2.669287485239726920e-01
2.655698057432592796e-01
2.642184468764383620e-01
2.628746365597032231e-01
2.615383393984035409e-01
2.602095199846501949e-01
2.588881428935280726e-01
2.575741726873280735e-01
2.562675739197499136e-01
2.549683111400127267e-01
2.536763488968755142e-01
2.523916517425692785e-01
2.511141842366389487e-01
2.498439109497004318e-01
2.485807964671095105e-01
2.473248053925471146e-01
2.460759023515195210e-01
2.448340519947763694e-01
2.435992190016456616e-01
2.423713680832892126e-01
2.411504639899353930e-01
2.399364715398753511e-01
2.387293555751624774e-01
2.375290809775485179e-01
2.363356126771952448e-01
2.351489156555659488e-01
2.339689549482453501e-01
2.327956956476908146e-01
2.316291029059135975e-01
2.304691419370932526e-01
2.293157780201244000e-01
2.281689765010979642e-01
2.270287027957171855e-01
2.258949223916500715e-01
2.247676008508177614e-01
2.236467038116217443e-01
2.225321969911091546e-01
2.214240461870778942e-01
2.203222172920101252e-01
2.192266762880671349e-01
2.181373892340898180e-01
2.170543222783344328e-01
2.159774416603508218e-01
2.149067137128030380e-01
2.138421048632387911e-01
2.127835816358056853e-01
2.117311106529183862e-01
2.106846586368743557e-01
2.096441924114216537e-01
2.086096789032772791e-01
2.075810851435991033e-01
2.065583782694100923e-01
2.055415255249768702e-01
2.045304942631436251e-01
2.035252519466202448e-01
2.025257661507068041e-01
2.015320045708616503e-01
2.005439350108337293e-01
1.995615253881621587e-01
1.985847437364578194e-01
1.976135582064683649e-01
1.966479370671044835e-01
1.956878487064287742e-01
1.947332616326066246e-01
1.937841444748211184e-01
1.928404659841521374e-01
1.919021950344201033e-01
1.909693006229947476e-01
1.900417518715704357e-01
1.891195180269079901e-01
1.882025684615440397e-01
1.872908726744675345e-01
1.863844002917720843e-01
1.854831210699103838e-01
1.845870048939759756e-01
1.836960217762403924e-01
1.828101418585155458e-01
1.819293354126613194e-01
1.810535728410664624e-01
1.801828246771011999e-01
1.793170615855439742e-01
1.784562543629817921e-01
1.776003739381852575e-01
1.767493913724578203e-01
1.759032778599613767e-01
1.750620047280168623e-01
1.742255434373822243e-01
1.733938655825063291e-01
1.725669428917607495e-01
1.717447472276494302e-01
1.709272505872712344e-01
1.701144251032772614e-01
1.693062430421600484e-01
1.685026768051016144e-01
1.677036989282049972e-01
1.669092820825844037e-01
1.661193990744355975e-01
1.653340228450886629e-01
1.645531264710418107e-01
1.637766831639782816e-01
1.630046662707649030e-01
1.622370492734343805e-01
1.614738057891507983e-01
1.607149095701591035e-01
1.599603345037179658e-01
1.592100546120181481e-01
1.584640440520851679e-01
1.577222771156812919e-01
1.569847282303198643e-01
1.562513719578874916e-01
1.555221829940143519e-01
1.547971361685296920e-01
1.540762064452853852e-01
1.533593689219671652e-01
1.526465988298931764e-01
1.519378715338008390e-01
1.512331625316218620e-01
1.505324474542457103e-01
1.498357020652717475e-01
1.491429022607510813e-01
1.484540240689176671e-01
1.477690436499085325e-01
1.470879372954745634e-01
1.464106814286815217e-01
1.457372526036012916e-01
1.450676275053328912e-01
1.444017829502479977e-01
1.437396958838762229e-01
1.430813433813729885e-01
1.424267026472517406e-01
1.417757510150250144e-01
1.411284659468376446e-01
1.404848250330928972e-01
1.398448059920699427e-01
1.392083866695359162e-01
1.385755450383499010e-01
1.379462591980609720e-01
1.373205073744989679e-01
1.366982679193597949e-01
1.360795193097841527e-01
1.354642401479306257e-01
1.348524091605430852e-01
1.342440051985121230e-01
1.336390072364321280e-01
1.330373943721521179e-01
1.324391458263225740e-01
1.318442409419368910e-01
1.312526591838681922e-01
1.306643801384622106e-01
1.300793835155113765e-01
1.294976491445936628e-01
1.289191569741617027e-01
1.283438870722396763e-01
1.277718196259398087e-01
1.272029349409749266e-01
1.266372134411678785e-01
1.260746356679581792e-01
1.255151822799052130e-01
1.249588340521886332e-01
1.244055718761061247e-01
1.238553767585684889e-01
1.233082298215924799e-01
1.227641123017906566e-01
1.222230055498598061e-01
1.216848910300666192e-01
1.211497503197315334e-01
1.206175651087111750e-01
1.200883171988781084e-01
1.195619885035996144e-01
1.190385610472148026e-01
1.185180169645102116e-01
1.180003385001939936e-01
1.174855080085781267e-01
1.169735079533202743e-01
1.164643209059312151e-01
1.159579295457072168e-01
1.154543166592369441e-01
1.149534651398704255e-01
1.144553579871874227e-01
1.139599783064651761e-01
1.134673093081457196e-01
1.129773343073027791e-01
1.124900367231082970e-01
1.120054000782987613e-01
1.115234079986411331e-01
1.110440442123990651e-01
1.105672925497988429e-01
1.100931369424953815e-01
1.096215614230381802e-01
1.091525501243381518e-01
1.086860872791334254e-01
1.082221572194570769e-01
1.077607443761037093e-01
1.073018332780974055e-01
1.068454085521600011e-01
1.063914549221891548e-01
1.059399572089975289e-01
1.054909003294096509e-01
1.050442692957165858e-01
1.046000492152655420e-01
1.041582252899320715e-01
1.037187828155940461e-01
1.032817071816060778e-01
1.028469838702752159e-01
1.024145984563375189e-01
1.019845366064355274e-01
1.015567840785974313e-01
1.011313267217167078e-01
1.007081504750334672e-01
1.002872413676168528e-01
9.986858551784859317e-02
9.945216913290831628e-02
9.903797850825955817e-02
9.862600002713783898e-02
9.821622016003979383e-02
9.780862546421380255e-02
9.740320258315224300e-02
9.699993824608503512e-02
9.659881926747514169e-02
9.619983254638637959e-02
9.580296506586184757e-02
9.540820389294121795e-02
9.501553617790160777e-02
9.462494915374472515e-02
9.423643013570173754e-02
9.384996652073945844e-02
9.346554578706894878e-02
9.308315549365545061e-02
9.270278327973030530e-02
9.232441686430457872e-02
9.194804404568485134e-02
9.157365270099042387e-02
9.120123078567282660e-02
9.083076633303696634e-02
9.046224745376434118e-02
9.009566233543817027e-02
8.973099924207059153e-02
8.936824651363162175e-02
8.900739256558007351e-02
8.864842588839699777e-02
8.829133504712048663e-02
8.793610868088302945e-02
8.758273550242566541e-02
8.723120429710963519e-02
8.688150392323434890e-02
8.653362331155591003e-02
8.618755146462607486e-02
8.584327745634115492e-02
8.550079043149313995e-02
8.516007960532252785e-02
8.482113426307356929e-02
8.448394375955139979e-02
8.414849751868162808e-02
8.381478503307175643e-02
8.348279586357482129e-02
8.315251963885528230e-02
8.282394605495706219e-02
8.249706487487354356e-02
8.217186592811991097e-02
8.184833911030779674e-02
8.152647438272160596e-02
8.120626177189778361e-02
8.088769136920531677e-02
8.057075333042938714e-02
8.025543787535648066e-02
7.994173528736202294e-02
7.962963591280960984e-02
7.931913016052487275e-02
7.901020850205457691e-02
7.870286147091111462e-02
7.839707966215406221e-02
7.809285373199041647e-02
7.779017439737677397e-02
7.748903243562385579e-02
7.718941868400315542e-02
7.689132403935572402e-02
7.659473945770318981e-02
7.629965595386088706e-02
7.600606460105339968e-02
7.571395653053185348e-02
7.542332293119370645e-02
7.513415504920466226e-02
7.484644418762267937e-02
7.456018170602415895e-02
7.427535902013231162e-02
7.399196760144763352e-02
7.370999897688075564e-02
7.342944472838705550e-02
7.315029649260371136e-02
7.287254596046206789e-02
7.259618487638964945e-02
7.232120503863011252e-02
7.204759829882199929e-02
7.177535656149000576e-02
7.150447178369385981e-02
7.123493597467983607e-02
7.096674119553372795e-02
7.069987955883651198e-02
7.043434322832159422e-02
7.017012441853465177e-02
6.990721539449497313e-02
6.964560847135931043e-02
6.938529601408763292e-02
6.912627043711093433e-02
6.886852420400101094e-02
6.861204982714248779e-02
6.835683986740669071e-02
6.810288693382758607e-02
6.785018368327989935e-02
6.759872282015899625e-02
6.734849709606290091e-02
6.709949930947649299e-02
6.685172230545723127e-02
6.660515897492930160e-02
6.635980225428698975e-02
6.611564512627667034e-02
6.587268061899552440e-02
6.563090180556487019e-02
6.539030180382776614e-02
6.515087377604843188e-02
6.491261092861379256e-02
6.467550651173684106e-02
6.443955381916191549e-02
6.420474618787183618e-02
6.397107699779724932e-02
6.373853967152735833e-02
6.350712767402293124e-02
6.327683451233107048e-02
6.304765373530184236e-02
6.281957893330680776e-02
6.259260373795921817e-02
6.236672182183639751e-02
6.214192689820373372e-02
6.191821272074042593e-02
6.169557308326722306e-02
6.147400181947600128e-02
6.125349280266091656e-02
6.103403994545160416e-02
6.081563719954792557e-02
6.059827855545681097e-02
6.038195804223046165e-02
6.016666972720667583e-02
5.995240771575073568e-02
5.973916615099909150e-02
5.952693921360472512e-02
5.931572112148436604e-02
5.910550612956729649e-02
5.889628852954590515e-02
5.868806264962792701e-02
5.848082285429051508e-02
5.827456354235148461e-02
5.806927914638650851e-02
5.786496413751874429e-02
5.766161302223079405e-02
5.745922034203343465e-02
5.725778067322847414e-02
5.705728862667304446e-02
5.685773884754592028e-02
5.665912601511481628e-02
5.646144484250590484e-02
5.626469007647447174e-02
5.606885649717743142e-02
5.587393891794711215e-02
5.567993218506692155e-02
5.548683117754835831e-02
5.529463080690959209e-02
5.510332601695561855e-02
5.491291178355987151e-02
5.472338311444745890e-02
5.453473504897973778e-02
5.434696265794062425e-02
5.416006104332409671e-02
5.397402533812343389e-02
5.378885070612175051e-02
5.360453234168416348e-02
5.342106546955122798e-02
5.323844534463393480e-02
5.305666725181008153e-02
5.287572650572224670e-02
5.269561845057686017e-02
5.251633845994500144e-02
5.233788193656439824e-02
5.216024431214300039e-02
5.198342104716366374e-02
5.180740763069056898e-02
5.163219958017668809e-02
5.145779244127283991e-02
5.128418178598444233e-02
5.111136321217789324e-02
5.093933234827911771e-02
5.076808485021476469e-02
5.059761640113864811e-02
5.042792271124783843e-02
5.025899951759973255e-02
5.009084258393046996e-02
4.992344770047486835e-02
4.975681068378712268e-02
4.959092737656324579e-02
4.942579364746458453e-02
4.926140539094246706e-02
4.909775852706426552e-02
4.893484900134061066e-02
4.877267278455379301e-02
4.861122587258751016e-02
4.845050428625755773e-02
4.829050407114410942e-02
4.813122129742472555e-02
4.797265205970904778e-02
4.781479247687417389e-02
4.765763869190158680e-02
4.750118687171502041e-02
4.734543320701962293e-02
4.719037391214210564e-02
4.703600522487218216e-02
4.688232340630507644e-02
4.672932474068516862e-02
4.657700553525070952e-02
4.642536212007972174e-02
4.627439084793693452e-02
4.612408809412184285e-02
4.597445025631791832e-02
4.582547375444277066e-02
4.567715503049951664e-02
4.552949054842907184e-02
4.538247679279202446e-02
4.523611026842699889e-02
4.509038750373049742e-02
4.494530504849249264e-02
4.480085947369333299e-02
4.465704737136130809e-02
4.451386535443170589e-02
4.437131005660654992e-02
4.422937813221554382e-02
4.408806625607780694e-02
4.394737112336481732e-02
4.380728944946407633e-02
4.366781796984400138e-02
4.352895343991963067e-02
4.339069263491920903e-02
4.325303234975195338e-02
4.311596939887663710e-02
4.297950061617098610e-02
4.284362285480226157e-02
4.270833298709855036e-02
4.257362790442115186e-02
4.243950451703770721e-02
4.230595975399632780e-02
4.217299056300065352e-02
4.204059391028572290e-02
4.190876678049486326e-02
4.177750617655719839e-02
4.164680911956634285e-02
4.151667264865983864e-02
4.138709382089941075e-02
4.125806971115201366e-02
4.112959741197211305e-02
4.100167403348425887e-02
4.087429670326690051e-02
4.074746256623694440e-02
4.062116878453504720e-02
4.049541253741183872e-02
4.037019102032482487e-02
4.024550144470745439e-02
4.012134104014203340e-02
3.999770705289619477e-02
3.987459674577362168e-02
3.975200739800437838e-02
3.962993630513625409e-02
3.950838077892672440e-02
3.938733814723575921e-02
3.926680575391936628e-02
3.914678095872391878e-02
3.902726113718126694e-02
3.890824368050442572e-02
3.878972599548420608e-02
3.867170550438650545e-02
3.855417964485030602e-02
3.843714586978642933e-02
3.832060164727697782e-02
3.820454446047552577e-02
3.808897180750808048e-02
3.797388120137455692e-02
3.785927016985117521e-02
3.774513625539339945e-02
3.763147701503969517e-02
3.751829002031582816e-02
3.740557285713996122e-02
3.729332312572838926e-02
3.718153844050197526e-02
3.707021642999316219e-02
3.695935473675372729e-02
3.684895101726318178e-02
3.673900294183793380e-02
3.662950819454077050e-02
3.652046447309140187e-02
3.641186948877734447e-02
3.630372096636555468e-02
3.619601664401473490e-02
3.608875427267300984e-02
3.598193161592298100e-02
3.587554645136860343e-02
3.576959656967462764e-02
3.566407977445693739e-02
3.555899388219814494e-02
3.545433672216372067e-02
3.535010613631889287e-02
3.524629997924583202e-02
3.514291611806179966e-02
3.503995243233754692e-02
3.493740681401649034e-02
3.483527716733436641e-02
3.473356140873950365e-02
3.463225746681354578e-02
3.453136328219301443e-02
3.443087680749102458e-02
3.433079600721986729e-02
3.423111885771401575e-02
3.413184334705371414e-02
3.403296747498906621e-02
3.393448925286468576e-02
3.383640670354483987e-02
3.373871786133925826e-02
3.364142077192928265e-02
3.354451349229457119e-02
3.344799409064049683e-02
3.335186064632585795e-02
3.325611124979115096e-02
3.316074400248743281e-02
3.306575701680558588e-02
3.297114841600613105e-02
3.287691633414955433e-02
3.278305891602704969e-02
3.268957431709181016e-02
3.259646070339084628e-02
3.250371625149719307e-02
3.241133914810518518e-02
3.231932758992463184e-02
3.222767978456846788e-02
3.213639394991798376e-02
3.204546831404148088e-02
3.195490111512912235e-02
3.186469060142831100e-02
3.177483503117929653e-02
3.168533267255147640e-02
3.159618180357997436e-02
3.150738071210271163e-02
3.141892769569801930e-02
3.133082106162244501e-02
3.124305912674925356e-02
3.115564021750722237e-02
3.106856266981984638e-02
3.098182482904505292e-02
3.089542504991526009e-02
3.080936169647790351e-02
3.072363314203636897e-02
3.063823776909133101e-02
3.055317396928243848e-02
3.046844014333050313e-02
3.038403470098013232e-02
3.029995606094253169e-02
3.021620265083896709e-02
3.013277290714450746e-02
3.004966527513208696e-02
2.996687820881715342e-02
2.988441017090247287e-02
2.980225963272346845e-02
2.972042507419393742e-02
2.963890498375205962e-02
2.955769785830684310e-02
2.947680220318497565e-02
2.939621653207790189e-02
2.931593936698952477e-02
2.923596923796147051e-02
2.915630468299943573e-02
2.907694424864392183e-02
2.899788648954686882e-02
2.891912996841088448e-02
2.884067325593879516e-02
2.876251493078352955e-02
2.868465357949832525e-02
2.860708779648737932e-02
2.852981618395666538e-02
2.845283735186525734e-02
2.837614991787690971e-02
2.829975250731192604e-02
2.822364375309948520e-02
2.814782229573020364e-02
2.807228678320897522e-02
2.799703587100833488e-02
2.792206822202185357e-02
2.784738250651815419e-02
2.777297740209497268e-02
2.769885159363376717e-02
2.762500377325446954e-02
2.755143264027063235e-02
2.747813690114484300e-02
2.740511526944451604e-02
2.733236646579787280e-02
2.725988921785029925e-02
2.718768226022102302e-02
2.711574433446002630e-02
2.704407418900526064e-02
2.697267057914023644e-02
2.690153226695178243e-02
2.683065802128818678e-02
2.676004661771761231e-02
2.668969683848670255e-02
2.661960747247959710e-02
2.654977731517720041e-02
2.648020516844511521e-02
2.641088984048309621e-02
2.634183014625912297e-02
2.627302490718224151e-02
2.620447295105569549e-02
2.613617311203769028e-02
2.606812423060248657e-02
2.600032515350172643e-02
2.593277473372601963e-02
2.586547183046681089e-02
2.579841530907849012e-02
2.573160404104077661e-02
2.566503690392132539e-02
2.559871278133862491e-02
2.553263056292513072e-02
2.546678914429060039e-02
2.540118742698579957e-02
2.533582431846631219e-02
2.527069873205671502e-02
2.520580958691488391e-02
2.514115580799661590e-02
2.507673632602054614e-02
2.501255007743308223e-02
2.494859600437385194e-02
2.488487305464119961e-02
2.482138018165797391e-02
2.475811634443752379e-02
2.469508050754999282e-02
2.463227164108874531e-02
2.456968872063709439e-02
2.450733072723520339e-02
2.444519664734725109e-02
2.438328547282875985e-02
2.432159620089424656e-02
2.426012783408497409e-02
2.419887938023701848e-02
2.413784985244941256e-02
2.407703826905278552e-02
2.401644365357780489e-02
2.395606503472420476e-02
2.389590144632982097e-02
2.383595192725809775e-02
2.377621552100747312e-02
2.371669127649442266e-02
2.365737824772953107e-02
2.359827549370611260e-02
2.353938207837041885e-02
2.348069707059198194e-02
2.342221954413429771e-02
2.336394857762551236e-02
2.330588325452948723e-02
2.324802266311692608e-02
2.319036589643672791e-02
2.313291205228755823e-02
2.307566023318964252e-02
2.301860954635659429e-02
2.296175910366758666e-02
2.290510802163966617e-02
2.284865542140019495e-02
2.279240042865952887e-02
2.273634217368388985e-02
2.268047979126833202e-02
2.262481242071003040e-02
2.256933920578156269e-02
2.251405929470451719e-02
2.245897184012322911e-02
2.240407599907866601e-02
2.234937093298250063e-02
2.229485580759136068e-02
2.224052979298124857e-02
2.218639206352210694e-02
2.213244179785261306e-02
2.207867817885503237e-02
2.202510039363034591e-02
2.197170763347348899e-02
2.191849909384875270e-02
2.186547397436535908e-02
2.181263147875316805e-02
2.175997081483860632e-02
2.170749119452070400e-02
2.165519183374728721e-02
2.160307195249131992e-02
2.155113077472375904e-02
2.149936752822126373e-02
2.144778144477469881e-02
2.139637176019456785e-02
2.134513771419907502e-02
2.129407855039136196e-02
2.124319351623688013e-02
2.119248186304089829e-02
2.114194284592618711e-02
2.109157572381083548e-02
2.104137975938621605e-02
2.099135421909507221e-02
2.094149837310976120e-02
2.089181149531063944e-02
2.084229286326463870e-02
2.079294175820382493e-02
2.074375746500430051e-02
2.069473927216509621e-02
2.064588647178724687e-02
2.059719835955301642e-02
2.054867423470524423e-02
2.050031340002680946e-02
2.045211516182026887e-02
2.040407882988757096e-02
2.035620371750994709e-02
2.030848914142790659e-02
2.026093442182136731e-02
2.021353888228994908e-02
2.016630184983331242e-02
2.011922265483169839e-02
2.007230063102660375e-02
2.002553511550145618e-02
1.997892544866261208e-02
1.993247097422026076e-02
1.988617103916964085e-02
1.984002499377227405e-02
1.979403219153729951e-02
1.974819198920301638e-02
1.970250374671848187e-02
1.965696682722525152e-02
1.961158059703921666e-02
1.956634442563255638e-02
1.952125768552334314e-02
1.947631975226015583e-02
1.943153000464528657e-02
1.938688782456813794e-02
1.934239259698440280e-02
1.929804370989868234e-02
1.925384055434714581e-02
1.920978252438040185e-02
1.916586901704639759e-02
1.912209943237348081e-02
1.907847317335351761e-02
1.903498964592518009e-02
1.899164825895725828e-02
1.894844842423218031e-02
1.890538955642951865e-02
1.886247107310971838e-02
1.881969239469781507e-02
1.877705294446737477e-02
1.873455214852440265e-02
1.869218943579149458e-02
1.864996423799195405e-02
1.860787598963411366e-02
1.856592412799570185e-02
1.852410809310831366e-02
1.848242732774197858e-02
1.844088127738985686e-02
1.839946939025298780e-02
1.835819111722515259e-02
1.831704591187784462e-02
1.827603323044531616e-02
1.823515253180972226e-02
1.819440327748637551e-02
1.815378493160904258e-02
1.811329696091541416e-02
1.807293883473258186e-02
1.803271002496267816e-02
1.799261000606854066e-02
1.795263825505951163e-02
1.791279425147733126e-02
1.787307747738209329e-02
1.783348741733822504e-02
1.779402355838544114e-02
1.775468538996239493e-02
1.771547240403751819e-02
1.767638409504172781e-02
1.763741995984114547e-02
1.759857949772365357e-02
1.755986221038558642e-02
1.752126760191835900e-02
1.748279517879529690e-02
1.744444444985850107e-02
1.740621492630580955e-02
1.736810612167783568e-02
1.733011755184506522e-02
1.729224873499504017e-02
1.725449919161969187e-02
1.721686844450265319e-02
1.717935601870665061e-02
1.714196144156106619e-02
1.710468424264954129e-02
1.706752395379754900e-02
1.703048010906023715e-02
1.699355224471013615e-02
1.695673989922513031e-02
1.692004261327640507e-02
1.688345992971639759e-02
1.684699139356705261e-02
1.681063655200785989e-02
1.677439495436420375e-02
1.673826615209567104e-02
1.670224969878440074e-02
1.666634515012358278e-02
1.663055206390607471e-02
1.659487000001284504e-02
1.655929852040182934e-02
1.652383718909652618e-02
1.648848557217493307e-02
1.645324323775834360e-02
1.641810975600039788e-02
1.638308469907596640e-02
1.634816764117037399e-02
1.631335815846849530e-02
1.627865582914266029e-02
1.624406023329231369e-02
1.620957095300306836e-02
1.617518757234203547e-02
1.614090967732214124e-02
1.610673685589173593e-02
1.607266869792408140e-02
1.603870479520706077e-02
1.600484474143288108e-02
1.597108813218788351e-02
1.593743456494233282e-02
1.590388363904038718e-02
1.587043495568997778e-02
1.583708811795292090e-02
1.580384273073493287e-02
1.577069840077583926e-02
1.573765473663972514e-02
1.570471134870520674e-02
1.567186784915578987e-02
1.563912385197017280e-02
1.560647897291279028e-02
1.557393282952422922e-02
1.554148504111176228e-02
1.550913522874006710e-02
1.547688301522175992e-02
1.544472802510819809e-02
1.541266988468023395e-02
1.538070822193904515e-02
1.534884266659699084e-02
1.531707285006861374e-02
1.528539840546159871e-02
1.525381896756781291e-02
1.522233417285441016e-02
1.519094365945502720e-02
1.515964706716090883e-02
1.512844403741225689e-02
1.509733421328949068e-02
1.506631723950461674e-02
1.503539276239264193e-02
1.500456042990307506e-02
1.497381989159137991e-02
1.494317079861059300e-02
1.491261280368170149e-02
1.488214556108758725e-02
1.485176872671686507e-02
1.482148195802274714e-02
1.479128491401423759e-02
1.476117725524795851e-02
1.473115864382009560e-02
1.470122874335826578e-02
1.467138721901363289e-02
1.464163373745281695e-02
1.461196796685009999e-02
1.458238957687948111e-02
1.455289823870689614e-02
1.452349362498243923e-02
1.449417540983261379e-02
1.446494326885272227e-02
1.443579687909910848e-02
1.440673591908170695e-02
1.437776006875636503e-02
1.434886900951744260e-02
1.432006242419028332e-02
1.429133999702384729e-02
1.426270141368331246e-02
1.423414636124275580e-02
1.420567452817786749e-02
1.417728560435867549e-02
1.414897928104239498e-02
1.412075525086625531e-02
1.409261320784035987e-02
1.406455284734062054e-02
1.403657386610172170e-02
1.400867596221015698e-02
1.398085883509721759e-02
1.395312218553214009e-02
1.392546571561515192e-02
1.389788912877075108e-02
1.387039212974081580e-02
1.384297442457788942e-02
1.381563572063847570e-02
1.378837572657636359e-02
1.376119415233591735e-02
1.373409070914172192e-02
1.370706510947726324e-02
1.368011706711320594e-02
1.365324629708763657e-02
1.362645251569650010e-02
1.359973544048712589e-02
1.357309479025195324e-02
1.354653028502210248e-02
1.352004164606107790e-02
1.349362859585856098e-02
1.346729085812409937e-02
1.344102815778097475e-02
1.341484022095996466e-02
1.338872677499331615e-02
1.336268754840853890e-02
1.333672227092247420e-02
1.331083067343514711e-02
1.328501248802387014e-02
1.325926744793724625e-02
1.323359528758926915e-02
1.320799574255341821e-02
1.318246854955682119e-02
1.315701344647442726e-02
1.313163017232323385e-02
1.310631846725652389e-02
1.308107807255813951e-02
1.305590873063680081e-02
1.303081018502044372e-02
1.300578218035064980e-02
1.298082446237694941e-02
1.295593677795136255e-02
1.293111887502282169e-02
1.290637050263170049e-02
1.288169141090429563e-02
1.285708135104747518e-02
1.283254007534320382e-02
1.280806733714319814e-02
1.278366289086361324e-02
1.275932649197965285e-02
1.273505789702037046e-02
1.271085686356337140e-02
1.268672315022888533e-02
1.266265651665049279e-02
1.263865672350549495e-02
1.261472353251089779e-02
1.259085670640635451e-02
1.256705600894909673e-02
1.254332120490881698e-02
1.251965206006271265e-02
1.249604834119047263e-02
1.247250981606929862e-02
1.244903625346896470e-02
1.242562742314692707e-02
1.240228309584342006e-02
1.237900304327664396e-02
1.235578703813785227e-02
1.233263485408664199e-02
1.230954626574612409e-02
1.228652104869816866e-02
1.226355897947873849e-02
1.224065983557312901e-02
1.221782339541133827e-02
1.219504943836343704e-02
1.217233774473488322e-02
1.214968809576201340e-02
1.212710027360743882e-02
1.210457406135548655e-02
1.208210924300771698e-02
1.205970560347841697e-02
1.203736292859013471e-02
1.201508100506924748e-02
1.199285962054155719e-02
1.197069856352784949e-02
1.194859762343959166e-02
1.192655659057454375e-02
1.190457525611246167e-02
1.188265341211079337e-02
1.186079085150041831e-02
1.183898736808137141e-02
1.181724275651867100e-02
1.179555681233806878e-02
1.177392933192191425e-02
1.175236011250493408e-02
1.173084895217018156e-02
1.170939564984489756e-02
1.168800000529639053e-02
1.166666181912800505e-02
1.164538089277510242e-02
1.162415702850099104e-02
1.160299002939297296e-02
1.158187969935833318e-02
1.156082584312041056e-02
1.153982826621467901e-02
1.151888677498480104e-02
1.149800117657875410e-02
1.147717127894499860e-02
1.145639689082855912e-02
1.143567782176726534e-02
1.141501388208793905e-02
1.139440488290258471e-02
1.137385063608586239e-02
1.135335095422075093e-02
1.133290565073384257e-02
1.131251453983170979e-02
1.129217743648721142e-02
1.127189415643577511e-02
1.125166451617182380e-02
1.123148833294506342e-02
1.121136542475694407e-02
1.119129561035700840e-02
1.117127870923939788e-02
1.115131454163921509e-02
1.113140292852909767e-02
1.111154369161558748e-02
1.109173665333574796e-02
1.107198163685362349e-02
1.105227846605680471e-02
1.103262696555297982e-02
1.101302696066656407e-02
1.099347827743521987e-02
1.097398074260656081e-02
1.095453418363472216e-02
1.093513842867703707e-02
1.091579330659075801e-02
1.089649864692967055e-02
1.087725427994083553e-02
1.085806003656133306e-02
1.083891574841499769e-02
1.081982124780914156e-02
1.080077636773139546e-02
1.078178094184647183e-02
1.076283480449297114e-02
1.074393779068023511e-02
1.072508973608515825e-02
1.070629047704910360e-02
1.068753985057473675e-02
1.066883769432294855e-02
1.065018384660976723e-02
1.063157814640327929e-02
1.061302043332058159e-02
1.059451054762475426e-02
1.057604833022181452e-02
1.055763362265774337e-02
1.053926626711547583e-02
1.052094610641193806e-02
1.050267298399508963e-02
1.048444674394096061e-02
1.046626723095078065e-02
1.044813429034799693e-02
1.043004776807545352e-02
1.041200751069243369e-02
1.039401336537188261e-02
1.037606517989747221e-02
1.035816280266083772e-02
1.034030608265871023e-02
1.032249486949014458e-02
1.030472901335372296e-02
1.028700836504475857e-02
1.026933277595256343e-02
1.025170209803182887e-02
1.023411618381812188e-02
1.021657488646197758e-02
1.019907805969693694e-02
1.018162555783677474e-02
1.016421723577284712e-02
1.014685294897138719e-02
1.012953255347090811e-02
1.011225590587953166e-02
1.009502286337238611e-02
1.007783328368897294e-02
1.006068702513060985e-02
1.004358394655780612e-02
1.002652390738774726e-02
1.000950676759169815e-02
9.992532387692491108e-03
9.975600628761956828e-03
9.958711352418483584e-03
9.941864420824432502e-03
9.925059696683703747e-03
9.908297043239266272e-03
9.891576324270652879e-03
9.874897404091550687e-03
9.858260147547330890e-03
9.841664420012665240e-03
9.825110087389078359e-03
9.808597016102565957e-03
9.792125073101214799e-03
9.775694125852807045e-03
9.759304042342480112e-03
9.742954691070353571e-03
9.726645941049235841e-03
9.710377661802233745e-03
9.694149723360504303e-03
9.677961996260909389e-03
9.661814351543727628e-03
9.645706660750432218e-03
9.629638795921328237e-03
9.613610629593399848e-03
9.597622034797985771e-03
9.581672885058605676e-03
9.565763054388705042e-03
9.549892417289464197e-03
9.534060848747600431e-03
9.518268224233161420e-03
9.502514419697393258e-03
9.486799311570526944e-03
9.471122776759667225e-03
9.455484692646638073e-03
9.439884937085824684e-03
9.424323388402114365e-03
9.408799925388715985e-03
9.393314427305132081e-03
9.377866773875016479e-03
9.362456845284129053e-03
9.347084522178252322e-03
9.331749685661167026e-03
9.316452217292558319e-03
9.301191999083927020e-03
9.285968913472877548e-03
9.270782843363849224e-03
9.255633672117119862e-03
9.240521283538730493e-03
9.225445561878469619e-03
9.210406391827945932e-03
9.195403658518579507e-03
9.180437247519662378e-03
9.165507044836420855e-03
9.150612936908072634e-03
9.135754810605899515e-03
9.120932553231316658e-03
9.106146052514011227e-03
9.091395196609996024e-03
9.076679874099749870e-03
9.061999973986316348e-03
9.047355385693482341e-03
9.032745999063854225e-03
9.018171704357053758e-03
9.003632392247882740e-03
8.989127953824452982e-03
8.974658280586382195e-03
8.960223264443000282e-03
8.945822797711529620e-03
8.931456773115282674e-03
8.917125083781890851e-03
8.902827623241507324e-03
8.888564285425063632e-03
8.874334964662502004e-03
8.860139555681014606e-03
8.845977953603326172e-03
8.831850053945926315e-03
8.817755752617376444e-03
8.803694945916571563e-03
8.789667530531045450e-03
8.775673403535277570e-03
8.761712462388994774e-03
8.747784604935483418e-03
8.733889729399920560e-03
8.720027734387719026e-03
8.706198518882865556e-03
8.692401982246257194e-03
8.678638024214074126e-03
8.664906544896155971e-03
8.651207444774362473e-03
8.637540624700963676e-03
8.623905985897024895e-03
8.610303429950821180e-03
8.596732858816232697e-03
8.583194174811155722e-03
8.569687280615955263e-03
8.556212079271846571e-03
8.542768474179387658e-03
8.529356369096892029e-03
8.515975668138881308e-03
8.502626275774570822e-03
8.489308096826330904e-03
8.476021036468134318e-03
8.462765000220124831e-03
8.449539893943496319e-03
8.436345623856268336e-03
8.423182096522638385e-03
8.410049218850882899e-03
8.396946898091877526e-03
8.383875041837629549e-03
8.370833558019799905e-03
8.357822354908244281e-03
8.344841341109597577e-03
8.331890425565764702e-03
8.318969517552562282e-03
8.306078526678209450e-03
8.293217362881976501e-03
8.280385936432708635e-03
8.267584157927464206e-03
8.254811938290092244e-03
8.242069188769813454e-03
8.229355820939889682e-03
8.216671746696191034e-03
8.204016878255827178e-03
8.191391128155816811e-03
8.178794409251672129e-03
8.166226634716092572e-03
8.153687718037575319e-03
8.141177573019103830e-03
8.128696113776789564e-03
8.116243254738560522e-03
8.103818910642841128e-03
8.091422996537197404e-03
8.079055427777082771e-03
8.066716120024502307e-03
8.054404989246697830e-03
8.042121951714917977e-03
8.029866924003059916e-03
8.017639822986434225e-03
8.005440565840491601e-03
7.993269070039537433e-03
7.981125253355503615e-03
7.969009033856633631e-03
7.956920329906306405e-03
7.944859060161754347e-03
7.932825143572812612e-03
7.920818499380739494e-03
7.908839047116937929e-03
7.896886706601765477e-03
7.884961397943325220e-03
7.873063041536246254e-03
7.861191558060486723e-03
7.849346868480126457e-03
7.837528894042201238e-03
7.825737556275497164e-03
7.813972776989398794e-03
7.802234478272660964e-03
7.790522582492320249e-03
7.778837012292465908e-03
7.767177690593110584e-03
7.755544540589057526e-03
7.743937485748701027e-03
7.732356449811273423e-03
7.720801356787722856e-03
7.709272130960309957e-03
7.697768696880380457e-03
7.686290979367262771e-03
7.674838903507136094e-03
7.663412394651939255e-03
7.652011378418254427e-03
7.640635780686204706e-03
7.629285527598394200e-03
7.617960545558770044e-03
7.606660761231598920e-03
7.595386101540329074e-03
7.584136493666588513e-03
7.572911865049030550e-03
7.561712143382365824e-03
7.550537256616231263e-03
7.539387132954166598e-03
7.528261700852592608e-03
7.517160889019730390e-03
7.506084626414561388e-03
7.495032842245839474e-03
7.484005465971024090e-03
7.473002427295267168e-03
7.462023656170409594e-03
7.451069082793937773e-03
7.440138637608021722e-03
7.429232251298459495e-03
7.418349854793717876e-03
7.407491379263908896e-03
7.396656756119838333e-03
7.385845917011973558e-03
7.375058793829501573e-03
7.364295318699333286e-03
7.353555423985139866e-03
7.342839042286394315e-03
7.332146106437376597e-03
7.321476549506251638e-03
7.310830304794108288e-03
7.300207305833996546e-03
7.289607486389994284e-03
7.279030780456262686e-03
7.268477122256125113e-03
7.257946446241104327e-03
7.247438687090027379e-03
7.236953779708082783e-03
7.226491659225926269e-03
7.216052260998720609e-03
7.205635520605284741e-03
7.195241373847139667e-03
7.184869756747623744e-03
7.174520605551026192e-03
7.164193856721619118e-03
7.153889446942854335e-03
7.143607313116408404e-03
7.133347392361355163e-03
7.123109622013245462e-03
7.112893939623268422e-03
7.102700282957005035e-03
7.092528589991859908e-03
7.082378798920026773e-03
7.072250848146299264e-03
7.062144676286757732e-03
7.052060222167960864e-03
7.041997424826087863e-03
7.031956223506069352e-03
7.021936557660791133e-03
7.011938366950238970e-03
7.001961591240654648e-03
6.992006170603751007e-03
6.982072045315843717e-03
6.972159155857068913e-03
6.962267442910534919e-03
6.952396847361551162e-03
6.942547310296778157e-03
6.932718773003445148e-03
6.922911176968574685e-03
6.913124463878123072e-03
6.903358575616256113e-03
6.893613454264494768e-03
6.883889042100996974e-03
6.874185281599711102e-03
6.864502115429652572e-03
6.854839486454081601e-03
6.845197337729770279e-03
6.835575612506207197e-03
6.825974254224849783e-03
6.816393206518349748e-03
6.806832413209807156e-03
6.797291818312002805e-03
6.787771366026668779e-03
6.778271000743721700e-03
6.768790667040515928e-03
6.759330309681127989e-03
6.749889873615592430e-03
6.740469303979169761e-03
6.731068546091649105e-03
6.721687545456565827e-03
6.712326247760526735e-03
6.702984598872456339e-03
6.693662544842907298e-03
6.684360031903317963e-03
6.675077006465310672e-03
6.665813415120006545e-03
6.656569204637278678e-03
6.647344321965079073e-03
6.638138714228730870e-03
6.628952328730251808e-03
6.619785112947611759e-03
6.610637014534109963e-03
6.601507981317640376e-03
6.592397961300020329e-03
6.583306902656325260e-03
6.574234753734174881e-03
6.565181463053121683e-03
6.556146979303909342e-03
6.547131251347857762e-03
6.538134228216477099e-03
6.529155859110769532e-03
6.520196093399814596e-03
6.511254880620587042e-03
6.502332170477339267e-03
6.493427912840917839e-03
6.484542057748161545e-03
6.475674555401191024e-03
6.466825356166828499e-03
6.457994410575946392e-03
6.449181669322788177e-03
6.440387083264394186e-03
6.431610603419928539e-03
6.422852180970078061e-03
6.414111767256398290e-03
6.405389313780729746e-03
6.396684772204549140e-03
6.387998094348345743e-03
6.379329232191054133e-03
6.370678137869384590e-03
6.362044763677258442e-03
6.353429062065167957e-03
6.344830985639608213e-03
6.336250487162445669e-03
6.327687519550347431e-03
6.319142035874153289e-03
6.310613989358310194e-03
6.302103333380284188e-03
6.293610021469941973e-03
6.285134007308994936e-03
6.276675244730410205e-03
6.268233687717836462e-03
6.259809290404986376e-03
6.251402007075133535e-03
6.243011792160475804e-03
6.234638600241599292e-03
6.226282386046898092e-03
6.217943104452020031e-03
6.209620710479287278e-03
6.201315159297156841e-03
6.193026406219642038e-03
6.184754406705789478e-03
6.176499116359077113e-03
6.168260490926915501e-03
6.160038486300070150e-03
6.151833058512115940e-03
6.143644163738904568e-03
6.135471758298030251e-03
6.127315798648267677e-03
6.119176241389052452e-03
6.111053043259960689e-03
6.102946161140127869e-03
6.094855552047796082e-03
6.086781173139704272e-03
6.078722981710633737e-03
6.070680935192832202e-03
6.062654991155543710e-03
6.054645107304437897e-03
6.046651241481225750e-03
6.038673351664875649e-03
6.030711395968275761e-03
6.022765332637935662e-03
6.014835120054237878e-03
6.006920716730984253e-03
5.999022081314850374e-03
5.991139172584917204e-03
5.983271949452160197e-03
5.975420370958947104e-03
5.967584396278565254e-03
5.959763984714695068e-03
5.951959095700958165e-03
5.944169688800408219e-03
5.936395723705055645e-03
5.928637160235366264e-03
5.920893958339809408e-03
5.913166078094348778e-03
5.905453479701992282e-03
5.897756123492288102e-03
5.890073969920878866e-03
5.882406979569023732e-03
5.874755113143111801e-03
5.867118331474215423e-03
5.859496595517613149e-03
5.851889866352345641e-03
5.844298105180722146e-03
5.836721273327894616e-03
5.829159332241373725e-03
5.821612243490594321e-03
5.814079968766459189e-03
5.806562469880857669e-03
5.799059708766270138e-03
5.791571647475277952e-03
5.784098248180121957e-03
5.776639473172284420e-03
5.769195284862023258e-03
5.761765645777936623e-03
5.754350518566529217e-03
5.746949865991776880e-03
5.739563650934684236e-03
5.732191836392868355e-03
5.724834385480100790e-03
5.717491261425907724e-03
5.710162427575129346e-03
5.702847847387486173e-03
5.695547484437168788e-03
5.688261302412413699e-03
5.680989265115088740e-03
5.673731336460242046e-03
5.666487480475736888e-03
5.659257661301806720e-03
5.652041843190635378e-03
5.644839990505961559e-03
5.637652067722669427e-03
5.630478039426372282e-03
5.623317870313004029e-03
5.616171525188433204e-03
5.609038968968037969e-03
5.601920166676325336e-03
5.594815083446509629e-03
5.587723684520129117e-03
5.580645935246651354e-03
5.573581801083081141e-03
5.566531247593541586e-03
5.559494240448921952e-03
5.552470745426464800e-03
5.545460728409373069e-03
5.538464155386447520e-03
5.531480992451672137e-03
5.524511205803864580e-03
5.517554761746258120e-03
5.510611626686155555e-03
5.503681767134530230e-03
5.496765149705646995e-03
5.489861741116713531e-03
5.482971508187470949e-03
5.476094417839847718e-03
5.469230437097581492e-03
5.462379533085839206e-03
5.455541673030874471e-03
5.448716824259630317e-03
5.441904954199400929e-03
5.435106030377458673e-03
5.428320020420688945e-03
5.421546892055240617e-03
5.414786613106156547e-03
5.408039151497016223e-03
5.401304475249592285e-03
5.394582552483491444e-03
5.387873351415795389e-03
5.381176840367848761e-03
5.374492987757270752e-03
5.367821762092116027e-03
5.361163131976545530e-03
5.354517066110463935e-03
5.347883533289191776e-03
5.341262502403112435e-03
5.334653942437346009e-03
5.328057822471385027e-03
5.321474111678777853e-03
5.314902779326790422e-03
5.308343794776055821e-03
5.301797127480249033e-03
5.295262746985759938e-03
5.288740622931355911e-03
5.282230725047851357e-03
5.275733023157772039e-03
5.269247487175055845e-03
5.262774087104688490e-03
5.256312793042400809e-03
5.249863575174351302e-03
5.243426403776780924e-03
5.237001249215715581e-03
5.230588081946639135e-03
5.224186872514161202e-03
5.217797591551731791e-03
5.211420209781285687e-03
5.205054698012963159e-03
5.198701027144776894e-03
5.192359168162305819e-03
5.186029092138391521e-03
5.179710770232816459e-03
5.173404173692006461e-03
5.167109273848718466e-03
5.160826042121726548e-03
5.154554450015551292e-03
5.148294469120107651e-03
5.142046071110443865e-03
5.135809227746418806e-03
5.129583910872420084e-03
5.123370092417032715e-03
5.117167744392790187e-03
5.110976838895843997e-03
5.104797348105669617e-03
5.098629244284790668e-03
5.092472499778481418e-03
5.086327087014464073e-03
5.080192978502627750e-03
5.074070146834748322e-03
5.067958564684178768e-03
5.061858204805586361e-03
5.055769040034649962e-03
5.049691043287790268e-03
5.043624187561873175e-03
5.037568445933933090e-03
5.031523791560899711e-03
5.025490197679304862e-03
5.019467637605019676e-03
5.013456084732958833e-03
5.007455512536822077e-03
5.001465894568807129e-03
4.995487204459344265e-03
4.989519415916810960e-03
4.983562502727274281e-03
4.977616438754214195e-03
4.971681197938248621e-03
4.965756754296867144e-03
4.959843081924183820e-03
4.953940154990627530e-03
4.948047947742719062e-03
4.942166434502779683e-03
4.936295589668680470e-03
4.930435387713584701e-03
4.924585803185668569e-03
4.918746810707867907e-03
4.912918384977630996e-03
4.907100500766656617e-03
4.901293132920611292e-03
4.895496256358914181e-03
4.889709846074449980e-03
4.883933877133332137e-03
4.878168324674633100e-03
4.872413163910159668e-03
4.866668370124167635e-03
4.860933918673142340e-03
4.855209784985525454e-03
4.849495944561477319e-03
4.843792372972647101e-03
4.838099045861888291e-03
4.832415938943041001e-03
4.826743028007372122e-03
4.821080288922642912e-03
4.815427697615333284e-03
4.809785230081712812e-03
4.804152862387840728e-03
4.798530570669320462e-03
4.792918331131074128e-03
4.787316120047097924e-03
4.781723913760233154e-03
4.776141688681905147e-03
4.770569421291931574e-03
4.765007088138250961e-03
4.759454665836704117e-03
4.753912131070811217e-03
4.748379460591515937e-03
4.742856631216981617e-03
4.737343619832352741e-03
4.731840403389523352e-03
4.726346958906902859e-03
4.720863263469209613e-03
4.715389294227234109e-03
4.709925028397601333e-03
4.704470443262573874e-03
4.699025516169801249e-03
4.693590224532125620e-03
4.688164545827331123e-03
4.682748457597950449e-03
4.677341937451022849e-03
4.671944963057892905e-03
4.666557512153984150e-03
4.661179562538572685e-03
4.655811092074601566e-03
4.650452078688422329e-03
4.645102500369623251e-03
4.639762335170780419e-03
4.634431561207272114e-03
4.629110156657046359e-03
4.623798099760417953e-03
4.618495368819864645e-03
4.613201942199805956e-03
4.607917798326404552e-03
4.602642915687342462e-03
4.597377272831640674e-03
4.592120848369419736e-03
4.586873620971716747e-03
4.581635569370283260e-03
4.576406672357362371e-03
4.571186908785501365e-03
4.565976257567339221e-03
4.560774697675411445e-03
4.555582208141944513e-03
4.550398768058664181e-03
4.545224356576587320e-03
4.540058952905818082e-03
4.534902536315376168e-03
4.529755086132959165e-03
4.524616581744784691e-03
4.519487002595372685e-03
4.514366328187362394e-03
4.509254538081292930e-03
4.504151611895458422e-03
