lev      x           d          u          P
  4  3.12500E-02  1.000E+00  1.000E+00  1.000E+00
  4  9.37500E-02  1.000E+00  1.000E+00  1.000E+00
  5  1.40625E-01  1.000E+00  1.000E+00  1.000E+00
  5  1.71875E-01  1.000E+00  1.000E+00  1.000E+00
  5  2.03125E-01  1.000E+00  1.000E+00  1.000E+00
  5  2.34375E-01  1.000E+00  1.000E+00  1.000E+00
  5  2.65625E-01  1.000E+00  1.000E+00  1.000E+00
  5  2.96875E-01  1.000E+00  1.000E+00  1.000E+00
  6  3.20312E-01  1.000E+00  1.000E+00  1.000E+00
  6  3.35938E-01  1.000E+00  1.000E+00  1.000E+00
  6  3.51562E-01  1.000E+00  1.000E+00  1.000E+00
  6  3.67188E-01  1.000E+00  1.000E+00  1.000E+00
  7  3.78906E-01  1.000E+00  1.000E+00  1.000E+00
  7  3.86719E-01  1.000E+00  1.000E+00  1.000E+00
  7  3.94531E-01  1.000E+00  1.000E+00  1.000E+00
  7  4.02344E-01  1.000E+00  1.000E+00  1.000E+00
  7  4.10156E-01  1.000E+00  1.000E+00  1.000E+00
  7  4.17969E-01  1.000E+00  1.000E+00  1.000E+00
  8  4.23828E-01  1.000E+00  1.000E+00  1.000E+00
  8  4.27734E-01  1.000E+00  1.000E+00  1.000E+00
  8  4.31641E-01  1.000E+00  1.000E+00  1.000E+00
  8  4.35547E-01  1.000E+00  1.000E+00  1.000E+00
  9  4.38477E-01  1.000E+00  1.000E+00  1.000E+00
  9  4.40430E-01  1.001E+00  1.000E+00  1.000E+00
  9  4.42383E-01  1.003E+00  1.000E+00  1.000E+00
  9  4.44336E-01  1.012E+00  1.000E+00  1.000E+00
  9  4.46289E-01  1.038E+00  1.000E+00  1.000E+00
 10  4.47754E-01  1.070E+00  1.000E+00  1.000E+00
 10  4.48730E-01  1.091E+00  1.000E+00  1.000E+00
 10  4.49707E-01  1.116E+00  1.000E+00  1.000E+00
 10  4.50684E-01  1.144E+00  1.000E+00  1.000E+00
 10  4.51660E-01  1.176E+00  1.000E+00  1.000E+00
 10  4.52637E-01  1.211E+00  1.000E+00  1.000E+00
 10  4.53613E-01  1.249E+00  1.000E+00  1.000E+00
 10  4.54590E-01  1.291E+00  1.000E+00  1.000E+00
 10  4.55566E-01  1.337E+00  1.000E+00  1.000E+00
 10  4.56543E-01  1.387E+00  1.000E+00  1.000E+00
 10  4.57520E-01  1.439E+00  1.000E+00  1.000E+00
 10  4.58496E-01  1.494E+00  1.000E+00  1.000E+00
 10  4.59473E-01  1.552E+00  1.000E+00  1.000E+00
 10  4.60449E-01  1.610E+00  1.000E+00  1.000E+00
 10  4.61426E-01  1.670E+00  1.000E+00  1.000E+00
 10  4.62402E-01  1.728E+00  1.000E+00  1.000E+00
 10  4.63379E-01  1.785E+00  1.000E+00  1.000E+00
 10  4.64355E-01  1.839E+00  1.000E+00  1.000E+00
 10  4.65332E-01  1.888E+00  1.000E+00  1.000E+00
 10  4.66309E-01  1.929E+00  1.000E+00  1.000E+00
 10  4.67285E-01  1.964E+00  1.000E+00  1.000E+00
 10  4.68262E-01  1.976E+00  1.000E+00  1.000E+00
  9  4.69727E-01  1.995E+00  1.000E+00  1.000E+00
  9  4.71680E-01  1.999E+00  1.000E+00  1.000E+00
  9  4.73633E-01  2.000E+00  1.000E+00  1.000E+00
  9  4.75586E-01  2.000E+00  1.000E+00  1.000E+00
  8  4.78516E-01  2.000E+00  1.000E+00  1.000E+00
  8  4.82422E-01  2.000E+00  1.000E+00  1.000E+00
  8  4.86328E-01  2.000E+00  1.000E+00  1.000E+00
  8  4.90234E-01  2.000E+00  1.000E+00  1.000E+00
  7  4.96094E-01  2.000E+00  1.000E+00  1.000E+00
  7  5.03906E-01  2.000E+00  1.000E+00  1.000E+00
  7  5.11719E-01  2.000E+00  1.000E+00  1.000E+00
  7  5.19531E-01  2.000E+00  1.000E+00  1.000E+00
  8  5.25391E-01  2.000E+00  1.000E+00  1.000E+00
  8  5.29297E-01  2.000E+00  1.000E+00  1.000E+00
  8  5.33203E-01  2.000E+00  1.000E+00  1.000E+00
  8  5.37109E-01  2.000E+00  1.000E+00  1.000E+00
  9  5.40039E-01  2.000E+00  1.000E+00  1.000E+00
  9  5.41992E-01  1.999E+00  1.000E+00  1.000E+00
  9  5.43945E-01  1.997E+00  1.000E+00  1.000E+00
  9  5.45898E-01  1.988E+00  1.000E+00  1.000E+00
  9  5.47852E-01  1.954E+00  1.000E+00  1.000E+00
  9  5.49805E-01  1.885E+00  1.000E+00  1.000E+00
 10  5.51270E-01  1.825E+00  1.000E+00  1.000E+00
 10  5.52246E-01  1.784E+00  1.000E+00  1.000E+00
 10  5.53223E-01  1.740E+00  1.000E+00  1.000E+00
 10  5.54199E-01  1.694E+00  1.000E+00  1.000E+00
 10  5.55176E-01  1.646E+00  1.000E+00  1.000E+00
 10  5.56152E-01  1.596E+00  1.000E+00  1.000E+00
 10  5.57129E-01  1.543E+00  1.000E+00  1.000E+00
 10  5.58105E-01  1.489E+00  1.000E+00  1.000E+00
 10  5.59082E-01  1.433E+00  1.000E+00  1.000E+00
 10  5.60059E-01  1.376E+00  1.000E+00  1.000E+00
 10  5.61035E-01  1.320E+00  1.000E+00  1.000E+00
 10  5.62012E-01  1.264E+00  1.000E+00  1.000E+00
 10  5.62988E-01  1.209E+00  1.000E+00  1.000E+00
 10  5.63965E-01  1.158E+00  1.000E+00  1.000E+00
 10  5.64941E-01  1.111E+00  1.000E+00  1.000E+00
 10  5.65918E-01  1.069E+00  1.000E+00  1.000E+00
 10  5.66895E-01  1.036E+00  1.000E+00  1.000E+00
 10  5.67871E-01  1.013E+00  1.000E+00  1.000E+00
 10  5.68848E-01  1.002E+00  1.000E+00  1.000E+00
 10  5.69824E-01  1.001E+00  1.000E+00  1.000E+00
  9  5.71289E-01  1.000E+00  1.000E+00  1.000E+00
  9  5.73242E-01  1.000E+00  1.000E+00  1.000E+00
  9  5.75195E-01  1.000E+00  1.000E+00  1.000E+00
  9  5.77148E-01  1.000E+00  1.000E+00  1.000E+00
  8  5.80078E-01  1.000E+00  1.000E+00  1.000E+00
  8  5.83984E-01  1.000E+00  1.000E+00  1.000E+00
  8  5.87891E-01  1.000E+00  1.000E+00  1.000E+00
  8  5.91797E-01  1.000E+00  1.000E+00  1.000E+00
  7  5.97656E-01  1.000E+00  1.000E+00  1.000E+00
  7  6.05469E-01  1.000E+00  1.000E+00  1.000E+00
  7  6.13281E-01  1.000E+00  1.000E+00  1.000E+00
  7  6.21094E-01  1.000E+00  1.000E+00  1.000E+00
  6  6.32812E-01  1.000E+00  1.000E+00  1.000E+00
  6  6.48438E-01  1.000E+00  1.000E+00  1.000E+00
  6  6.64062E-01  1.000E+00  1.000E+00  1.000E+00
  6  6.79688E-01  1.000E+00  1.000E+00  1.000E+00
  5  7.03125E-01  1.000E+00  1.000E+00  1.000E+00
  5  7.34375E-01  1.000E+00  1.000E+00  1.000E+00
  5  7.65625E-01  1.000E+00  1.000E+00  1.000E+00
  5  7.96875E-01  1.000E+00  1.000E+00  1.000E+00
  4  8.43750E-01  1.000E+00  1.000E+00  1.000E+00
  4  9.06250E-01  1.000E+00  1.000E+00  1.000E+00
  4  9.68750E-01  1.000E+00  1.000E+00  1.000E+00