           0           0           1           0           1           1
           1           1           4           4           4           4
          16          16          16          16          64          32
          16          32         256          64          16          64
        1024         128          16         128        4096         256
          16         256       16384         512          16         512
           0           0           1           0           1           1
           1           1           4           4           4           4
          16          16          16          16          32          64
          32          16          64         256          64          16
         128        1024         128          16         256        4096
         256          16         512       16384         512          16
           0           0           1           0           1           1
           1           1           4           4           4           4
          16          16          16          16          16          32
          64          32          16          64         256          64
          16         128        1024         128          16         256
        4096         256          16         512       16384         512
           0           0           1           0           1           1
           1           1           4           4           4           4
          16          16          16          16          32          16
          32          64          64          16          64         256
         128          16         128        1024         256          16
         256        4096         512          16         512       16384